25
20 10 14 18 9 11 16 24 8 5 7 1 25 2 15 21 23 17 12 3 4 13 19 22 6
18 14 16 5 12 3 4 11 19 1 24 25 7 17 23 10 6 22 13 2 21 8 9 20 15
22 12 5 1 13 11 23 18 19 24 2 25 16 14 4 17 21 15 20 6 9 8 3 10 7
20 13 14 1 19 21 5 7 16 4 9 8 11 17 6 25 18 24 3 10 23 22 15 2 12
5 4 17 8 7 16 12 20 15 22 19 11 25 13 1 6 2 3 21 24 14 10 18 9 23
11 1 8 14 12 6 15 10 23 20 13 22 9 4 19 17 18 25 7 16 24 3 2 21 5
24 17 9 20 1 13 2 16 3 12 21 14 4 19 5 8 11 6 22 10 15 25 18 23 7
21 7 17 1 6 5 12 24 9 4 16 3 20 19 23 14 8 15 2 13 25 18 22 10 11
19 25 6 8 12 11 22 2 20 21 24 18 3 7 5 17 13 14 4 16 10 1 23 15 9
21 15 19 14 10 13 8 20 23 2 18 16 17 24 7 1 12 9 25 3 4 5 6 22 11
1 23 19 18 20 12 9 2 4 11 24 15 17 8 22 13 14 3 5 16 25 6 7 21 10
15 19 24 11 10 7 12 4 18 20 9 22 8 21 3 17 1 5 14 16 23 2 6 13 25
24 11 19 8 20 12 15 6 18 17 4 16 14 3 21 9 2 13 7 10 22 5 1 23 25
19 2 3 25 10 12 13 21 16 15 7 20 23 24 5 14 22 4 18 17 8 6 1 9 11
11 12 19 20 15 17 8 9 2 21 22 6 1 4 16 5 7 18 10 3 14 23 24 13 25
9 2 12 23 24 6 4 10 19 25 17 7 8 13 22 20 1 3 15 18 16 11 5 21 14
5 10 24 16 21 6 13 19 8 20 1 12 22 4 2 14 3 17 18 15 23 11 9 25 7
20 13 19 24 21 17 23 9 4 14 5 12 1 7 22 16 10 6 8 11 15 3 18 2 25
3 23 7 24 14 1 5 13 22 25 17 11 16 12 8 21 19 15 9 4 2 10 18 20 6
11 5 15 12 6 1 7 13 10 9 16 8 4 22 25 21 14 24 23 3 2 17 20 18 19
14 24 10 11 8 23 4 17 1 6 18 25 5 19 22 2 3 13 7 9 21 16 15 12 20
13 3 5 10 17 19 24 23 14 12 9 6 20 11 21 25 16 15 22 1 18 7 4 8 2
11 7 13 12 1 6 5 4 3 23 15 18 14 9 24 20 22 25 16 19 2 10 17 8 21
25 8 1 11 17 2 13 7 12 4 9 19 14 16 18 3 23 20 22 21 24 5 10 15 6
5 23 2 8 17 9 22 10 1 16 7 12 4 6 3 13 20 21 24 14 18 19 11 25 15
16 15 4 13 22 1 17 14 18 3 7 19 21 23 8 10 2 12 20 9 6 25 24 11 5
17 13 4 25 3 23 16 7 11 15 14 9 22 24 12 1 8 6 21 19 10 18 2 5 20
14 25 6 18 17 10 8 4 24 9 5 15 16 2 11 20 3 1 7 12 23 19 13 22 21
17 4 8 9 10 19 1 11 12 15 18 25 20 21 24 6 14 5 7 13 22 2 3 16 23
8 12 17 6 11 7 15 14 19 10 22 3 18 4 1 2 16 25 9 13 24 21 23 20 5
14 12 13 9 1 25 3 17 23 2 6 21 16 19 7 8 15 11 20 5 22 24 4 10 18
9 4 21 14 10 13 22 8 16 2 15 7 6 20 25 1 17 11 24 19 23 18 3 12 5
13 15 4 11 5 24 20 3 12 18 21 25 10 22 1 7 9 2 6 23 14 19 8 16 17
25 22 1 5 8 3 23 6 9 2 7 24 4 19 12 17 13 15 18 10 14 11 21 16 20
16 23 11 22 24 1 12 18 6 2 19 13 20 8 9 21 14 17 25 5 10 4 7 15 3
22 19 9 24 8 3 18 11 7 12 10 25 20 5 4 23 14 2 13 16 6 17 1 21 15
17 8 22 5 23 18 7 2 11 21 25 20 14 19 16 12 15 1 10 3 6 24 9 13 4
11 6 17 7 1 23 5 18 8 22 3 16 19 14 12 2 13 9 24 4 20 21 15 25 10
9 18 14 25 12 13 16 22 20 19 21 2 11 8 1 3 24 10 6 5 23 15 7 4 17
13 20 16 22 6 10 4 2 18 5 23 25 9 17 1 24 8 14 15 7 19 12 21 3 11
16 8 10 9 22 13 14 4 18 25 6 7 15 21 23 24 12 11 17 3 20 5 2 19 1
7 15 17 5 14 12 24 6 25 9 13 20 2 21 11 16 3 23 19 10 22 4 8 1 18
16 9 10 5 11 23 1 24 25 17 19 4 2 21 15 18 13 12 22 6 7 8 20 3 14
22 7 20 8 15 4 13 12 23 11 24 21 17 3 18 19 6 25 2 16 1 14 9 10 5
9 13 10 11 8 21 19 15 2 3 22 24 14 20 1 6 16 5 23 17 7 12 18 4 25
10 23 15 18 9 12 4 17 2 3 16 5 22 20 14 7 21 19 25 1 24 8 13 11 6
15 17 25 2 22 9 24 16 12 20 8 21 10 4 11 18 19 7 6 14 5 1 3 13 23
24 23 6 25 20 5 2 21 8 15 17 7 13 12 19 3 4 14 11 18 10 1 22 9 16
6 24 15 3 18 17 10 11 12 22 8 9 14 21 25 4 23 19 16 5 20 7 13 1 2
14 9 7 16 20 18 8 11 5 15 3 6 23 4 17 1 13 2 25 12 24 10 22 19 21
