#proc areadef
  rectangle: 1 1 6 4
  xrange: -1 52
  yrange: 0 3304800000
  xaxis.stubs: inc
  yaxis.stubs: inc
  xaxis.label: MPI rank
  yaxis.label: time (seconds)
  xaxis.stubrange: 0 51
  xaxis.stubvert: yes
  yscaletype: log
                                                                                
#proc getdata
data:
0 0 1652363839.510428 1.6524e+09 -1.0000e+00 0 
1 1 1652363839.338858 1.6524e+09 -1.0000e+00 0 
2 2 1652363839.418256 1.6524e+09 -1.0000e+00 0 
3 3 1652363839.255024 1.6524e+09 -1.0000e+00 0 
4 4 1652363839.335972 1.6524e+09 -1.0000e+00 0 
5 5 1652363839.319630 1.6524e+09 -1.0000e+00 0 
6 6 1652363839.415095 1.6524e+09 -1.0000e+00 0 
7 7 1652363839.343735 1.6524e+09 -1.0000e+00 0 
8 8 1652363839.251550 1.6524e+09 -1.0000e+00 0 
9 9 1652363839.426855 1.6524e+09 -1.0000e+00 0 
10 10 1652363839.274690 1.6524e+09 -1.0000e+00 0 
11 11 1652363839.350587 1.6524e+09 -1.0000e+00 0 
12 12 1652363839.279251 1.6524e+09 -1.0000e+00 0 
13 13 1652363839.262975 1.6524e+09 -1.0000e+00 0 
14 14 1652363839.650598 1.6524e+09 -1.0000e+00 0 
15 15 1652363839.374989 1.6524e+09 -1.0000e+00 0 
16 16 1652363839.394559 1.6524e+09 -1.0000e+00 0 
17 17 1652363839.466689 1.6524e+09 -1.0000e+00 0 
18 18 1652363839.370799 1.6524e+09 -1.0000e+00 0 
19 19 1652363839.399196 1.6524e+09 -1.0000e+00 0 
20 20 1652363839.302769 1.6524e+09 -1.0000e+00 0 
21 21 1652363839.282243 1.6524e+09 -1.0000e+00 0 
22 22 1652363839.346720 1.6524e+09 -1.0000e+00 0 
23 23 1652363839.354544 1.6524e+09 -1.0000e+00 0 
24 24 1652363839.378870 1.6524e+09 -1.0000e+00 0 
25 25 1652363839.494103 1.6524e+09 -1.0000e+00 0 
26 26 1652363839.244025 1.6524e+09 -1.0000e+00 0 
27 27 1652363839.430641 1.6524e+09 -1.0000e+00 0 
28 28 1652363839.362793 1.6524e+09 -1.0000e+00 0 
29 29 1652363839.294753 1.6524e+09 -1.0000e+00 0 
30 30 1652363839.391417 1.6524e+09 -1.0000e+00 0 
31 31 1652363839.298818 1.6524e+09 -1.0000e+00 0 
32 32 1652363839.314308 1.6524e+09 -1.0000e+00 0 
33 33 1652363839.330963 1.6524e+09 -1.0000e+00 0 
34 34 1652363839.387134 1.6524e+09 -1.0000e+00 0 
35 35 1652363839.383309 1.6524e+09 -1.0000e+00 0 
36 36 1652363839.327683 1.6524e+09 -1.0000e+00 0 
37 37 1652363839.434653 1.6524e+09 -1.0000e+00 0 
38 38 1652363839.462764 1.6524e+09 -1.0000e+00 0 
39 39 1652363839.258987 1.6524e+09 -1.0000e+00 0 
40 40 1652363839.407225 1.6524e+09 -1.0000e+00 0 
41 41 1652363839.358353 1.6524e+09 -1.0000e+00 0 
42 42 1652363839.311288 1.6524e+09 -1.0000e+00 0 
43 43 1652363839.246963 1.6524e+09 -1.0000e+00 0 
44 44 1652363839.287033 1.6524e+09 -1.0000e+00 0 
45 45 1652363839.402305 1.6524e+09 -1.0000e+00 0 
46 46 1652363839.270387 1.6524e+09 -1.0000e+00 0 
47 47 1652363839.306596 1.6524e+09 -1.0000e+00 0 
48 48 1652363839.267637 1.6524e+09 -1.0000e+00 0 
49 49 1652363839.366270 1.6524e+09 -1.0000e+00 0 
50 50 1652363839.322218 1.6524e+09 -1.0000e+00 0 
                                                                                
                                                                                
#proc lineplot
  xfield: 1
  yfield: 4
  legendlabel: ipm_syslog
  linedetails: color=red
  sort: yes
                                                                                
#proc lineplot
  xfield: 1
  yfield: 5
  legendlabel: ipm_report
  linedetails: color=green
  sort: yes
                                                                                
#proc legend
  location: max+0.4 max
//  reverseorder: yes
  seglen: 0.3
                                                                                
