#proc areadef
  rectangle: 1 1 6 4
  xrange: -1 52
  yrange:  0 1.04458e+01
  xaxis.stubs: inc
  yaxis.stubs: inc
  xaxis.stubrange: 0 51
  xaxis.stubvert: yes
  xaxis.label: sorted index
  xaxis.labeldistance: 0.5
  yaxis.label: time in seconds
                                                                                
#proc getdata
data:
0 25 1.54936e+01 2.40141e-01 5.95950e-02 1.04458e+01 5.0478 
1 11 1.55063e+01 2.23761e-01 7.26410e-02 1.02831e+01 5.2232 
2 18 1.54862e+01 2.48462e-01 4.85890e-02 1.01968e+01 5.2894 
3 30 1.53632e+01 2.38442e-01 5.52960e-02 1.00887e+01 5.2745 
4 12 1.54312e+01 2.60598e-01 3.58200e-02 1.00575e+01 5.3737 
5 37 1.53698e+01 2.50064e-01 4.21830e-02 9.94450e+00 5.4253 
6 22 1.53610e+01 2.31194e-01 6.45340e-02 9.75903e+00 5.60197 
7 46 1.51416e+01 2.29529e-01 5.80240e-02 9.74692e+00 5.39468 
8 40 1.53306e+01 2.39593e-01 5.25760e-02 9.73858e+00 5.59202 
9 32 1.52785e+01 2.58714e-01 3.31540e-02 9.65338e+00 5.62512 
10 33 1.52897e+01 2.34588e-01 5.91940e-02 9.64064e+00 5.64906 
11 50 1.51184e+01 2.47219e-01 4.35650e-02 9.60750e+00 5.5109 
12 1 1.55386e+01 2.33986e-01 6.40960e-02 9.56246e+00 5.97614 
13 4 1.55280e+01 2.52472e-01 4.70130e-02 9.54017e+00 5.98783 
14 3 1.54510e+01 2.49133e-01 4.78660e-02 9.53691e+00 5.91409 
15 45 1.52859e+01 2.44800e-01 4.46000e-02 9.52879e+00 5.75711 
16 42 1.52184e+01 2.35941e-01 5.44450e-02 9.51188e+00 5.70652 
17 17 1.55902e+01 2.64570e-01 3.56600e-02 9.49395e+00 6.09625 
18 8 1.54191e+01 2.44631e-01 5.34620e-02 9.47855e+00 5.94055 
19 21 1.53044e+01 2.35655e-01 5.96410e-02 9.45074e+00 5.85366 
20 14 1.57949e+01 2.57379e-01 4.60280e-02 9.42496e+00 6.36994 
21 48 1.50756e+01 2.37704e-01 5.19930e-02 9.41053e+00 5.66507 
22 19 1.55111e+01 2.53727e-01 4.46850e-02 9.39602e+00 6.11508 
23 28 1.53495e+01 2.64310e-01 3.18090e-02 9.38701e+00 5.96249 
24 2 1.56257e+01 2.44123e-01 5.65980e-02 9.38665e+00 6.23905 
25 23 1.53627e+01 2.32834e-01 6.16840e-02 9.36749e+00 5.99521 
26 24 1.53821e+01 2.43216e-01 5.23400e-02 9.35192e+00 6.03018 
27 29 1.52706e+01 2.37165e-01 5.68530e-02 9.33067e+00 5.93993 
28 31 1.52668e+01 2.50978e-01 4.35010e-02 9.31221e+00 5.95459 
29 44 1.51790e+01 2.52896e-01 3.86650e-02 9.29925e+00 5.87975 
30 47 1.51188e+01 2.30384e-01 5.85790e-02 9.24071e+00 5.87809 
31 41 1.52787e+01 2.27709e-01 6.23320e-02 9.24059e+00 6.03811 
32 26 1.52401e+01 2.49873e-01 4.20460e-02 9.21996e+00 6.02014 
33 39 1.51869e+01 2.66862e-01 2.41190e-02 9.19938e+00 5.98752 
34 34 1.53420e+01 2.59549e-01 3.56690e-02 9.19785e+00 6.14415 
35 9 1.55903e+01 2.42742e-01 6.02810e-02 9.17375e+00 6.41655 
36 7 1.55149e+01 2.44679e-01 5.49310e-02 9.14710e+00 6.3678 
37 27 1.54219e+01 2.59406e-01 3.74400e-02 9.12673e+00 6.29517 
38 36 1.52716e+01 2.60915e-01 3.34040e-02 9.09415e+00 6.17745 
39 5 1.54990e+01 2.48617e-01 4.95180e-02 9.05160e+00 6.4474 
40 35 1.53308e+01 2.64816e-01 2.75180e-02 9.02657e+00 6.30423 
41 0 1.56934e+01 2.74014e-01 2.85700e-02 9.02392e+00 6.66948 
42 13 1.54110e+01 2.58716e-01 4.14170e-02 8.98538e+00 6.42562 
43 20 1.54109e+01 2.57150e-01 3.58880e-02 8.96756e+00 6.44334 
44 10 1.54344e+01 2.42687e-01 5.21920e-02 8.89241e+00 6.54199 
45 49 1.51675e+01 2.54666e-01 3.45300e-02 8.86752e+00 6.29998 
46 6 1.55905e+01 2.76067e-01 2.38540e-02 8.77510e+00 6.8154 
47 38 1.53936e+01 2.31625e-01 6.35710e-02 8.75161e+00 6.64199 
48 15 1.55151e+01 2.68606e-01 2.83080e-02 8.59774e+00 6.91736 
49 43 1.51455e+01 2.55420e-01 3.22690e-02 8.52290e+00 6.6226 
50 16 1.55261e+01 2.58102e-01 3.82620e-02 8.44777e+00 7.07833 
 
#proc legend
  location: max+0.4 max
  seglen: 0.3
