//#rank wtime utime stime mtime pcomm gbyte gflop bytes_tx bytes_rx
25 98.0924222375577 86.9864924094513 82.0404454784488 100 100 0 = =
11 98.1728279381319 81.0531501410889 100 98.4424361944513 100 0 = =
18 98.0455716718688 90.0006157925431 66.8892223400008 97.616266824944 100 0 = =
30 97.2668392962285 86.3710620972445 76.1223000784681 96.5814011372992 100 0 = =
12 97.6973580079646 94.3966500885655 49.3109951680181 96.282716498497 100 0 = =
37 97.308624935897 90.5809097067016 58.0705111438444 95.2009420053993 100 0 = =
22 97.2529107496724 83.7456124781303 88.8396360182266 93.4253958528787 100 0 = =
46 95.863854788571 83.1424980167858 79.8777549868531 93.3094640908308 100 0 = =
40 97.0604435608962 86.7879898720238 72.3778582343305 93.2296233893048 100 0 = =
32 96.7305902538161 93.7142070584315 45.6408915075508 92.4139845679603 100 0 = =
33 96.8014992181021 84.9750241789131 81.4884156330447 92.2920216737828 100 0 = =
50 95.7169719339787 89.5503627742541 59.9730179925937 91.9747649773115 100 0 = =
1 98.3773243262066 84.756961172469 88.236670750678 91.5435868961688 100 0 = =
4 98.3102140564359 91.453161732478 64.7196486832505 91.3301996974861 100 0 = =
3 97.8227149269701 90.2436727316195 65.8939166586363 91.2989909820215 100 0 = =
45 96.777440819505 88.6741262084929 61.3978331796093 91.2212563901281 100 0 = =
42 96.3500876865317 85.4651225970507 74.9507853691441 91.0593731451875 100 0 = =
17 98.7040120545239 95.8354312540072 49.0907338830688 90.8877252101323 100 0 = =
8 97.6207510019057 88.6129091850891 73.5975550997371 90.7402975358517 100 0 = =
21 96.8945672337273 85.3615245574444 82.1037705978717 90.4740661318425 100 0 = =
14 100 93.2306287966327 63.3636651477816 90.2272683758065 100 0 = =
48 95.445998391886 86.1037356873512 71.5752811772966 90.0891267303605 100 0 = =
19 98.2032174942545 91.9077615216596 61.5148469872386 89.9502192268663 100 0 = =
28 97.1801024381288 95.7412512180014 43.789320080946 89.8639644641866 100 0 = =
2 98.9287681466803 88.4288958839702 77.9146762847428 89.8605181029696 100 0 = =
23 97.2636737174658 84.339671166782 84.9162318800677 89.6770951004231 100 0 = =
24 97.386498173461 88.1003524506732 72.0529728390303 89.5280399777901 100 0 = =
29 96.6805741093644 85.9084932280932 78.2657177076307 89.3246089337341 100 0 = =
31 96.6565157107674 90.9119887563526 59.884913478614 89.1478871891095 100 0 = =
44 96.1006400800258 91.6067476373489 53.2275161410223 89.0238181852994 100 0 = =
47 95.7195043969889 83.4522054428816 80.6417863190209 88.4634015585211 100 0 = =
41 96.7318564853212 82.4832377647455 85.8082900841123 88.4622527714488 100 0 = =
26 96.4874738048357 90.5117236033282 57.8819124186066 88.2647571272665 100 0 = =
39 96.1506562244775 96.6656644944887 33.2030120730717 88.0677401443642 100 0 = =
34 97.1326187566873 94.016669866373 49.1031235803472 88.0530931091922 100 0 = =
9 98.7046451702765 87.9286550004166 82.9848157376688 87.8223783721687 100 0 = =
7 98.2272758928515 88.6302962686594 75.6198290221776 87.5672519098585 100 0 = =
27 97.6384782429772 93.9648708465699 51.5411406781294 87.3722453043328 100 0 = =
36 96.6869052668899 94.5114772863109 45.9850497652841 87.060349614199 100 0 = =
5 98.1266104881956 90.0567615832389 68.1681144257375 86.6530088648069 100 0 = =
35 97.0617097924013 95.9245400573049 37.8821877452128 86.413391027973 100 0 = =
0 99.3573875111587 99.2563399464623 39.3304056937542 86.388021980126 100 0 = =
13 97.5694686259489 93.7149315202469 57.0160102421498 86.0190698654004 100 0 = =
20 97.5688355101963 93.1476779187661 49.4046062141215 85.8484749851615 100 0 = =
10 97.7176177120463 87.9087323004923 71.8492311504522 85.1290470811235 100 0 = =
49 96.0278317684822 92.2478963440035 47.5351385581146 84.8907694958739 100 0 = =
6 98.7059114017816 100 32.8382043198745 84.0060119856785 100 0 = =
38 97.4593064850046 83.9017339993552 87.5139384094382 83.7811369162726 100 0 = =
15 98.2285421243566 97.2973951975426 38.9697278396498 82.3081046927952 100 0 = =
43 95.8885463029206 92.5210184484201 44.4225712751752 81.591644488694 100 0 = =
16 98.2981848571374 93.4925217429102 52.6727330295563 80.8724080491681 100 0 = =


